---
images/banner-large.jpg: 2018-05-16 15:20:57.438783350 -04:00
images/banner-xl2.jpg: 2018-05-16 15:20:57.733017719 -04:00
images/banner-small.jpg: 2018-05-16 15:20:57.903669778 -04:00
images/banner-med.jpg: 2018-05-16 15:20:58.113007174 -04:00
images/banner-xl.jpg: 2018-05-16 15:20:58.401918969 -04:00
